"Country"	"Year"	"Prevalence"	"GDP"	"Education"	"Affordability"	"Cig taxes"	"Campaigns"	"Help"	"Warn"	"Bans"	"Protect"
"1"	"Australia"	"2007"	19.892	44150.704999	46.2333333333333	1.95	9.6	5	5	5	4	5
"2"	"Australia"	"2008"	19.312	44084.170067	46.2333333333333	1.95	9.6	5	5	5	4	5
"3"	"Australia"	"2010"	18.2	44495.643202	46.2333333333333	1.95	11.98	5	5	5	4	5
"4"	"Australia"	"2012"	17.152	45960.265235	46.2333333333333	2.06	13.63	5	5	5	4	5
"5"	"Australia"	"2014"	16.168	46637.881577	46.2333333333333	2.5	17.05	5	5	5	4	5
"6"	"Australia"	"2016"	15.2488888888889	47555.958145	43.7	3.01	21	5	5	5	4	5
"7"	"Australia"	"2018"	14.4	48436.270652	45.7	2.75	20.75	5	5	5	4	5
"8"	"Australia"	"2020"	13.6	48165.570251	49.3	3.89	29.3	2	4	5	4	5
"9"	"Austria"	"2007"	40.904	49576.458167	17.3	1.13	3.6	2	4	3	4	2
"10"	"Austria"	"2008"	39.564	50141.196891	17.9	1.13	3.6	2	4	3	4	2
"11"	"Austria"	"2010"	37.1	48907.740264	19.1	1.13	4	2	4	3	4	2
"12"	"Austria"	"2012"	34.764	50287.336153	19.8	1.19	4.5	2	4	3	4	2
"13"	"Austria"	"2014"	32.396	49935.741207	29.9	1.26	4.9	2	4	3	4	2
"14"	"Austria"	"2016"	30.0666666666667	50292.869072	31.4	1.22	5	5	4	5	4	2
"15"	"Austria"	"2018"	28.2	52092.58838	32.7	1.27	5.5	5	4	5	4	2
"16"	"Austria"	"2020"	26.4	49030.929309	34.2	1.34	5.7	4	5	5	4	3
"17"	"Belgium"	"2007"	27.704	45390.608273	32.1	1.45	4.16	2	5	4	4	3
"18"	"Belgium"	"2008"	27.224	45235.876086	32.3	1.45	4.16	2	5	4	4	3
"19"	"Belgium"	"2010"	26.3	44813.015382	35	1.45	4.84	2	4	4	4	2
"20"	"Belgium"	"2012"	25.424	45037.117569	35.3	1.51	5.26	2	4	4	4	2
"21"	"Belgium"	"2014"	24.596	45539.926451	36.9	1.61	5.79	2	4	4	4	2
"22"	"Belgium"	"2016"	23.7955555555556	46551.557243	37.5	1.66	6.32	4	4	5	4	2
"23"	"Belgium"	"2018"	22.9	47749.112361	40.6	1.64	6.6	2	4	5	4	2
"24"	"Belgium"	"2020"	22.2	45742.144948	42.4	1.77	6.8	2	4	5	4	2
"25"	"Canada"	"2007"	21.568	43135.456583	48	1.77	7.86	2	3	4	2	5
"26"	"Canada"	"2008"	20.768	43099.398601	49	1.77	7.86	2	5	4	2	5
"27"	"Canada"	"2010"	19.3	42169.958896	50	1.77	8.68	2	5	4	4	5
"28"	"Canada"	"2012"	17.912	43358.187453	52	1.61	8.49	2	5	5	4	5
"29"	"Canada"	"2014"	16.508	44709.974021	53	1.64	9.25	2	5	5	4	5
"30"	"Canada"	"2016"	15.1377777777778	44609.373407	56	1.83	10.29	2	5	5	4	5
"31"	"Canada"	"2018"	14.1	46023.951798	58	1.96	11.81	2	5	5	4	5
"32"	"Canada"	"2020"	13	43410.115631	60	2.27	12.85	4	5	5	4	5
"33"	"Chile"	"2007"	39.788	18564.987124	31.4	1.82	1074	2	3	5	4	3
"34"	"Chile"	"2008"	38.868	19078.55248	31.4	1.82	1074	2	3	5	4	3
"35"	"Chile"	"2010"	37.1	19617.710333	31.4	1.82	1188	2	3	5	4	3
"36"	"Chile"	"2012"	35.396	21640.035639	31.4	2.2	1635	4	3	5	4	3
"37"	"Chile"	"2014"	33.724	22316.501694	31.4	2.04	1701	3	3	5	4	5
"38"	"Chile"	"2016"	32.0977777777778	22711.780019	31.4	2.33	2178	2	3	5	4	5
"39"	"Chile"	"2018"	30.6	23192.764485	31.4	2.65	2700	4	3	5	4	5
"40"	"Chile"	"2020"	29.2	21132.599651	31.4	3.01	3044	4	3	5	4	5
"41"	"Colombia"	"2007"	12.468	10970.097908	15.4	1.57	1769	5	3	2	2	2
"42"	"Colombia"	"2008"	12.108	11209.136511	16.3	1.57	1769	5	3	2	2	5
"43"	"Colombia"	"2010"	11.4	11578.634412	16.6	1.57	1880	5	3	4	5	5
"44"	"Colombia"	"2012"	10.74	12611.315972	18.1	1.59	2269	4	3	4	5	5
"45"	"Colombia"	"2014"	10.16	13496.885517	22.4	1.55	2479	5	3	4	5	5
"46"	"Colombia"	"2016"	9.63333333333333	13897.986431	22.2	1.54	2726	5	4	4	5	5
"47"	"Colombia"	"2018"	9	14021.031634	23.4	2.02	4003	4	4	4	5	5
"48"	"Colombia"	"2020"	8.5	12868.399737	24.6	2.6	5152	3	4	4	5	5
"49"	"Costa Rica"	"2007"	13.968	14904.066438	21.8	1.86	750	2	4	2	2	2
"50"	"Costa Rica"	"2008"	13.488	15389.923312	22.3	1.86	750	2	4	2	2	2
"51"	"Costa Rica"	"2010"	12.6	15564.539453	21	1.86	800	2	4	2	2	2
"52"	"Costa Rica"	"2012"	11.76	16662.720458	23.2	2.6	1300	5	4	4	4	5
"53"	"Costa Rica"	"2014"	10.92	17238.027133	23.5	2.82	1600	4	4	5	4	5
"54"	"Costa Rica"	"2016"	10.0977777777778	18171.908528	23	2.68	1700	5	4	5	4	5
"55"	"Costa Rica"	"2018"	9.4	18983.883458	22.6	2.73	1900	5	5	5	4	5
"56"	"Costa Rica"	"2020"	8.8	18219.900865	25.1	3.26	2200	5	5	5	4	5
"57"	"Czech Republic"	"2007"	32.996	31752.335641	13.7	1.65	53	4	3	3	4	3
"58"	"Czech Republic"	"2008"	32.776	32270.821083	14.5	1.65	53	4	4	3	4	3
"59"	"Czech Republic"	"2010"	32.3	31254.653408	16.8	1.65	63	4	4	3	4	3
"60"	"Czech Republic"	"2012"	31.856	31579.081981	19.3	1.75	68	3	4	3	4	3
"61"	"Czech Republic"	"2014"	31.524	32231.081463	21.5	1.74	72	4	3	3	4	3
"62"	"Czech Republic"	"2016"	31.2933333333333	34696.158781	23	1.85	84	2	4	5	4	3
"63"	"Czech Republic"	"2018"	31.1	37447.774915	24.3	1.84	94	4	5	5	4	3
"64"	"Czech Republic"	"2020"	30.7	36208.012906	24.9	2.07	108	4	5	5	4	3
"65"	"Denmark"	"2007"	28.536	49685.607114	30.9	1.13	32	5	4	3	4	2
"66"	"Denmark"	"2008"	27.476	49134.243284	31.1	1.13	32	5	4	3	4	2
"67"	"Denmark"	"2010"	25.5	47134.277111	33	1.13	37	5	4	3	4	2
"68"	"Denmark"	"2012"	23.668	47495.796925	34.6	1.18	40	3	5	4	4	2
"69"	"Denmark"	"2014"	21.932	48266.506927	35.7	1.25	44	2	5	4	4	2
"70"	"Denmark"	"2016"	20.3088888888889	50235.017766	37.8	1.19	44	5	5	5	4	2
"71"	"Denmark"	"2018"	18.9	52089.171128	39.4	1.15	44.5	4	5	5	4	2
"72"	"Denmark"	"2020"	17.5	51492.683853	40.6	1.59	61	4	5	5	4	2
"73"	"Estonia"	"2007"	35.26	29223.216976	33.3	1.83	32.18	2	3	3	4	2
"74"	"Estonia"	"2008"	34.52	27816.694166	34.2	1.83	32.18	2	3	3	4	2
"75"	"Estonia"	"2010"	33.1	24420.878808	35.5	1.83	31.91	2	3	3	4	2
"76"	"Estonia"	"2012"	31.728	27205.479872	37.6	2.27	3.1	2	4	3	4	2
"77"	"Estonia"	"2014"	30.372	28636.583803	37.6	2.28	3.5	2	4	3	4	2
"78"	"Estonia"	"2016"	29.0422222222222	30085.329975	37.7	2.28	3.8	5	5	5	4	2
"79"	"Estonia"	"2018"	27.8	32951.360088	39.1	1.78	3.5	5	4	5	4	2
"80"	"Estonia"	"2020"	26.7	33745.715686	40.1	1.99	4	5	4	5	4	2
"81"	"Finland"	"2007"	24.88	45884.392115	36.4	1.23	4.07	5	4	3	4	2
"82"	"Finland"	"2008"	24.3	46029.15193	36.6	1.23	4.07	5	4	3	4	2
"83"	"Finland"	"2010"	23.2	43253.589026	38.1	1.23	4.32	5	4	3	4	2
"84"	"Finland"	"2012"	22.132	43326.896921	39.7	1.31	4.89	3	4	3	4	2
"85"	"Finland"	"2014"	21.048	42399.714605	41.8	1.44	5.47	5	4	3	4	2
"86"	"Finland"	"2016"	19.9777777777778	43567.153009	43.1	1.54	6.12	4	4	5	5	2
"87"	"Finland"	"2018"	19.1	45298.109327	44.5	1.7	7.22	3	4	5	5	2
"88"	"Finland"	"2020"	18.2	44655.694771	47.5	2.04	8.65	4	4	5	5	2
"89"	"France"	"2007"	34.004	40652.384471	26.6	1.76	5.3	3	4	3	4	3
"90"	"France"	"2008"	33.944	40529.325788	27.1	1.76	5.3	3	4	3	4	3
"91"	"France"	"2010"	33.8	39730.929181	28.9	1.76	5.6	3	4	4	4	3
"92"	"France"	"2012"	33.688	40332.198992	30.7	1.88	6.2	4	4	4	4	3
"93"	"France"	"2014"	33.672	40544.300556	33.2	2.08	7	4	4	4	4	3
"94"	"France"	"2016"	33.7044444444444	41122.761483	34.6	2.02	7	4	4	5	4	3
"95"	"France"	"2018"	33.5	42456.989255	36.9	2.19	8	5	4	5	4	3
"96"	"France"	"2020"	33.4	39548.027925	39.7	2.91	10	5	4	5	4	3
"97"	"Germany"	"2007"	30.52	44522.381701	24.3	1.55	4.71	5	4	3	4	2
"98"	"Germany"	"2008"	29.76	45076.637674	25.4	1.55	4.71	5	4	3	4	2
"99"	"Germany"	"2010"	28.3	44551.699274	26.7	1.55	4.95	5	4	3	4	2
"100"	"Germany"	"2012"	26.904	46412.115464	28.2	1.54	5.26	4	4	3	4	2
"101"	"Germany"	"2014"	25.556	47317.49116	27.1	1.51	5.47	4	4	3	4	2
"102"	"Germany"	"2016"	24.2777777777778	48279.984174	28.3	1.58	6	4	4	5	4	2
"103"	"Germany"	"2018"	23.2	49724.106933	29.1	1.58	6.4	5	4	5	4	2
"104"	"Germany"	"2020"	22	48243.490171	31.2	1.76	7	5	4	5	4	2
"105"	"Greece"	"2007"	46.164	35622.921465	22.1	1.57	3	5	3	3	4	2
"106"	"Greece"	"2008"	45.044	35409.414302	22.8	1.57	3	5	3	3	4	2
"107"	"Greece"	"2010"	42.9	31904.690381	24	1.57	3.2	5	3	3	4	5
"108"	"Greece"	"2012"	40.852	26819.242268	26.1	2.15	3.7	3	4	3	4	5
"109"	"Greece"	"2014"	38.868	26636.929072	28.1	2.45	4	1	4	3	4	5
"110"	"Greece"	"2016"	36.9822222222222	26740.949599	30.2	2.44	4	2	4	5	4	5
"111"	"Greece"	"2018"	35.4	27594.370367	31.7	2.67	4.6	2	4	5	4	5
"112"	"Greece"	"2020"	33.5	25664.924719	32.7	2.93	4.65	2	4	5	4	5
"113"	"Hungary"	"2007"	35.356	24851.128376	18.1	2.24	568.42	3	3	3	4	2
"114"	"Hungary"	"2008"	35.096	25144.608572	19.3	2.24	568.42	3	3	3	4	2
"115"	"Hungary"	"2010"	34.6	23828.962676	20	2.24	610.53	3	4	3	4	2
"116"	"Hungary"	"2012"	34.088	24162.81615	22.1	2.61	757.89	4	4	4	4	4
"117"	"Hungary"	"2014"	33.512	25779.461466	23.4	3.02	1000	3	4	4	4	4
"118"	"Hungary"	"2016"	32.8866666666667	27469.64385	23.7	3.15	1152.01	2	4	5	4	4
"119"	"Hungary"	"2018"	32.3	30297.815904	25.1	2.85	1245	2	4	5	4	4
"120"	"Hungary"	"2020"	31.8	30409.614788	27.2	3.2	1485	2	4	5	4	4
"121"	"Iceland"	"2007"	21.884	49873.118152	30.4	1.71	665	2	3	3	5	2
"122"	"Iceland"	"2008"	20.904	49698.292382	31.3	1.71	665	2	3	3	5	2
"123"	"Iceland"	"2010"	19.1	44785.869637	32.5	1.71	900	2	3	3	5	2
"124"	"Iceland"	"2012"	17.456	45709.569198	35.2	1.73	998	3	3	4	5	2
"125"	"Iceland"	"2014"	15.924	47602.309448	37.3	1.91	1219	2	3	4	5	2
"126"	"Iceland"	"2016"	14.5044444444444	51587.556544	40.5	1.7	1271	2	3	4	5	2
"127"	"Iceland"	"2018"	13.2	53614.206581	43.8	1.7	1359	2	3	4	5	2
"128"	"Iceland"	"2020"	12	48722.900527	43.7	1.86	1449	2	3	4	5	2
"129"	"Ireland"	"2007"	29.524	58120.684028	34.3	2.33	8.05	5	5	3	4	5
"130"	"Ireland"	"2008"	28.704	54331.033443	35.9	2.33	8.05	5	5	3	4	5
"131"	"Ireland"	"2010"	27.1	51697.347338	38.7	2.33	8.55	5	5	3	4	5
"132"	"Ireland"	"2012"	25.624	51698.414129	40.8	2.39	9.1	5	5	4	4	5
"133"	"Ireland"	"2014"	24.356	56130.536626	43.3	2.3	9.6	5	5	4	4	5
"134"	"Ireland"	"2016"	23.2466666666667	69763.138558	45.1	1.91	10.8	5	5	5	4	5
"135"	"Ireland"	"2018"	22	80634.491524	46.9	1.82	12.2	5	5	5	4	5
"136"	"Ireland"	"2020"	20.8	88110.595961	49.9	1.94	13.5	5	5	5	4	5
"137"	"Israel"	"2007"	27.472	31410.730624	48.9	1.83	19	4	4	3	2	2
"138"	"Israel"	"2008"	26.932	31847.277613	48.9	1.83	19	4	5	3	2	2
"139"	"Israel"	"2010"	25.9	32747.993516	48.9	1.83	21	4	5	3	2	2
"140"	"Israel"	"2012"	24.9	34179.18026	46.4	1.83	23	2	5	3	2	2
"141"	"Israel"	"2014"	23.9	35710.458238	48.5	2.22	30	2	5	3	2	2
"142"	"Israel"	"2016"	22.9333333333333	36769.528689	49.9	2.49	35.6	2	5	3	2	3
"143"	"Israel"	"2018"	22.2	38392.36313	49.9	2.4	36	2	4	3	2	3
"144"	"Israel"	"2020"	21.2	37819.058951	49.8	2.36	34	2	4	4	2	3
"145"	"Italy"	"2007"	24.968	41358.117661	13.5	1.37	3.6	4	4	3	4	2
"146"	"Italy"	"2008"	24.808	40645.494095	14.3	1.37	3.6	4	4	3	4	2
"147"	"Italy"	"2010"	24.5	38760.496968	14.8	1.37	3.7	4	4	3	4	2
"148"	"Italy"	"2012"	24.208	37637.147388	15.8	1.85	5	3	4	3	4	2
"149"	"Italy"	"2014"	23.932	36863.232409	16.9	1.87	5	4	4	3	4	2
"150"	"Italy"	"2016"	23.6688888888889	37759.301812	17.7	1.86	5.2	5	4	5	4	2
"151"	"Italy"	"2018"	23.4	38898.485629	19.3	1.88	5.5	5	4	5	4	2
"152"	"Italy"	"2020"	23.1	35839.163517	20.1	2.2	5.9	2	4	5	4	2
"153"	"Japan"	"2007"	27.924	39769.868517	NA	0.77	300	2	4	3	2	2
"154"	"Japan"	"2008"	27.204	39263.029018	NA	0.77	300	2	4	3	2	2
"155"	"Japan"	"2010"	25.8	38545.658464	NA	0.77	300	2	4	3	2	2
"156"	"Japan"	"2012"	24.476	39235.322697	NA	1.06	410	2	4	3	2	2
"157"	"Japan"	"2014"	23.264	40232.048565	NA	1.06	430	2	4	3	2	2
"158"	"Japan"	"2016"	22.1555555555556	41274.637598	NA	1.04	440	2	4	3	2	2
"159"	"Japan"	"2018"	21.1	42399.807142	NA	1.02	440	3	4	3	2	3
"160"	"Japan"	"2020"	20.1	40658.68035	NA	1.22	510	5	4	4	2	3
"161"	"Korea"	"2007"	29.148	30816.535499	51.3635	0.94	2500	5	5	3	2	2
"162"	"Korea"	"2008"	28.408	31504.947286	51.3635	0.94	2500	5	5	3	2	2
"163"	"Korea"	"2010"	27	33574.014063	45.29	0.94	2500	5	5	3	2	2
"164"	"Korea"	"2012"	25.672	35189.061744	51.3635	0.87	2500	5	5	3	2	2
"165"	"Korea"	"2014"	24.408	37061.433257	51.3635	0.81	2500	5	5	3	2	2
"166"	"Korea"	"2016"	23.2	38864.647711	51.3635	1.32	4500	5	5	4	2	2
"167"	"Korea"	"2018"	22	40964.752746	51.3635	1.22	4500	5	5	4	2	2
"168"	"Korea"	"2020"	20.8	41385.489575	57.437	1.23	4500	5	5	4	2	2
"169"	"Latvia"	"2007"	38.788	23875.828477	22.2	2.53	1.48	2	3	3	4	2
"170"	"Latvia"	"2008"	38.488	23347.227196	24.8	2.53	1.48	2	3	4	4	4
"171"	"Latvia"	"2010"	37.9	19859.505506	26.9	2.53	1.52	2	4	4	4	3
"172"	"Latvia"	"2012"	37.328	22487.521058	29.2	2.37	1.8	2	4	4	4	3
"173"	"Latvia"	"2014"	36.772	23837.226817	30.2	2.54	3	2	4	4	4	3
"174"	"Latvia"	"2016"	36.2088888888889	25801.605219	33.4	2.36	3	4	4	5	4	4
"175"	"Latvia"	"2018"	35.5	28196.521123	33.9	2.33	3.5	2	4	5	4	4
"176"	"Latvia"	"2020"	35	28661.707689	37.8	2.45	3.7	5	4	5	4	4
"177"	"Lithuania"	"2007"	32.44	24227.399121	28.2	2.44	5	2	4	3	4	3
"178"	"Lithuania"	"2008"	32.04	25117.814498	30.2	2.44	5	2	4	3	4	3
"179"	"Lithuania"	"2010"	31.3	22452.585042	32.4	2.44	7.6	2	4	3	4	3
"180"	"Lithuania"	"2012"	30.56	25629.846684	34.1	2.21	8.5	2	4	3	4	3
"181"	"Lithuania"	"2014"	29.74	27997.632769	36.7	2.18	9.4	2	4	3	4	3
"182"	"Lithuania"	"2016"	28.8666666666667	29938.77101	39.7	2.29	3.1	2	4	5	4	3
"183"	"Lithuania"	"2018"	28.1	33240.538254	41.7	2.32	3.75	2	4	5	4	3
"184"	"Lithuania"	"2020"	27.4	34853.100585	44.1	2.39	4.15	2	4	5	4	3
"185"	"Luxembourg"	"2007"	27.136	114804.566615	26.5	0.46	3.2	5	2	3	4	2
"186"	"Luxembourg"	"2008"	26.616	112465.426482	27.7	0.46	3.2	5	2	3	4	2
"187"	"Luxembourg"	"2010"	25.6	108840.708709	35.5	0.46	3.68	5	4	3	4	2
"188"	"Luxembourg"	"2012"	24.616	106751.85601	39.1	0.55	4.6	5	4	3	4	2
"189"	"Luxembourg"	"2014"	23.664	107596.381642	45.9	0.55	5	5	4	3	4	2
"190"	"Luxembourg"	"2016"	22.7488888888889	110414.311916	42.6	0.55	5.2	4	5	3	4	2
"191"	"Luxembourg"	"2018"	21.9	108642.259745	44.1	0.53	5.3	5	5	5	4	3
"192"	"Luxembourg"	"2020"	21.1	106382.674606	47.1	0.56	5.4	2	5	5	4	3
"193"	"Mexico"	"2007"	19.38	17436.05313	13.6	2.56	28	2	4	2	2	2
"194"	"Mexico"	"2008"	18.8	17396.395832	13.7	2.56	28	2	4	4	2	2
"195"	"Mexico"	"2010"	17.7	16867.476094	14.7	2.56	30	2	4	5	2	2
"196"	"Mexico"	"2012"	16.664	17694.384161	15.7	2.97	40	2	4	5	2	2
"197"	"Mexico"	"2014"	15.676	18035.233149	16	3.1	45	4	5	5	2	2
"198"	"Mexico"	"2016"	14.7422222222222	19007.347537	16.8	2.9	47.39	3	5	5	2	2
"199"	"Mexico"	"2018"	13.9	19365.926018	18	2.68	50	2	5	5	2	2
"200"	"Mexico"	"2020"	13.1	17354.785526	19.4	3.75	66	4	5	5	2	2
"201"	"Netherlands"	"2007"	29.288	50226.754818	29.3	1.31	4.74	5	3	3	4	2
"202"	"Netherlands"	"2008"	28.668	51117.137832	30.2	1.31	4.74	5	3	3	4	2
"203"	"Netherlands"	"2010"	27.5	49396.333817	32	1.31	5.05	5	4	3	4	2
"204"	"Netherlands"	"2012"	26.364	49230.887033	33	1.46	5.68	2	4	3	4	2
"205"	"Netherlands"	"2014"	25.196	49541.389246	34.4	1.58	6.32	5	5	3	4	2
"206"	"Netherlands"	"2016"	24.0444444444444	51118.941306	36	1.59	6.63	5	5	5	4	2
"207"	"Netherlands"	"2018"	23.2	53217.731693	38.3	1.55	7	4	5	5	4	2
"208"	"Netherlands"	"2020"	22.2	51522.042454	42.6	1.78	8	2	5	5	4	2
"209"	"New Zealand"	"2007"	22.488	34677.238338	37.825	2.16	10	4	5	5	4	5
"210"	"New Zealand"	"2008"	21.648	33840.597245	37.825	2.16	10	4	5	5	4	5
"211"	"New Zealand"	"2010"	20.1	34106.05875	37.825	2.16	10	4	5	5	4	5
"212"	"New Zealand"	"2012"	18.648	35458.387066	37.825	2.96	14.5	5	5	5	4	5
"213"	"New Zealand"	"2014"	17.212	36482.474028	35.6	3.19	17	4	5	5	4	5
"214"	"New Zealand"	"2016"	15.8377777777778	37837.544086	36.3	3.8	21.6	5	5	5	4	5
"215"	"New Zealand"	"2018"	14.8	39532.981199	39.3	3.89	23.9	5	5	5	4	5
"216"	"New Zealand"	"2020"	13.7	39144.146521	40.1	4.98	29.9	5	5	5	4	5
"217"	"Norway"	"2007"	31.008	61800.019118	34.4	1.53	71	2	4	3	4	3
"218"	"Norway"	"2008"	29.488	61329.436744	35.5	1.53	71	2	4	3	4	3
"219"	"Norway"	"2010"	26.7	59112.618957	36.9	1.53	81	2	4	4	4	3
"220"	"Norway"	"2012"	24.168	59800.50845	38.6	1.49	87.5	5	4	4	4	3
"221"	"Norway"	"2014"	21.812	60229.402346	42.3	1.61	97.9	5	4	4	4	5
"222"	"Norway"	"2016"	19.6622222222222	60889.150193	43.2	1.84	108.6	5	4	4	4	5
"223"	"Norway"	"2018"	17.9	62006.451704	43.7	1.78	117.8	5	4	4	4	5
"224"	"Norway"	"2020"	16.2	61130.752868	45.3	2.02	129	5	4	4	4	5
"225"	"Poland"	"2007"	33.272	20785.198243	18.7	2.09	5.75	5	4	3	4	2
"226"	"Poland"	"2008"	32.432	21658.172674	19.6	2.09	5.75	5	4	3	4	2
"227"	"Poland"	"2010"	30.8	22686.48847	22.5	2.09	7.95	5	4	3	4	3
"228"	"Poland"	"2012"	29.264	24187.940399	24.5	2.71	11.6	4	4	3	4	3
"229"	"Poland"	"2014"	27.856	25364.065975	27	3.03	13.7	2	4	3	4	3
"230"	"Poland"	"2016"	26.5622222222222	27298.247657	28.7	3	14.7	4	4	5	4	3
"231"	"Poland"	"2018"	25.3	30418.821805	30.9	2.78	15.5	2	4	5	4	3
"232"	"Poland"	"2020"	24	31178.517891	32.9	2.75	16.5	3	4	5	4	3
"233"	"Portugal"	"2007"	25.252	30740.518881	13.6	2.06	3.3	2	4	3	4	3
"234"	"Portugal"	"2008"	25.252	30794.260847	14.2	2.06	3.3	2	4	3	4	3
"235"	"Portugal"	"2010"	25.3	30308.450415	15.5	2.06	3.5	2	4	3	4	3
"236"	"Portugal"	"2012"	25.332	28744.018398	18.5	2.62	4.2	2	4	3	4	3
"237"	"Portugal"	"2014"	25.268	29018.203044	21.7	2.7	4.5	5	4	3	4	3
"238"	"Portugal"	"2016"	25.1577777777778	30355.379779	23.9	2.66	4.8	5	4	5	4	4
"239"	"Portugal"	"2018"	25.3	32446.029726	25	2.52	5	3	4	5	4	4
"240"	"Portugal"	"2020"	25.4	30511.578774	28.2	2.33	4.4	2	4	5	4	4
"241"	"Slovak Republic"	"2007"	31.636	25080.898844	14.4	1.92	2.1	2	3	3	4	3
"242"	"Slovak Republic"	"2008"	31.616	26433.616122	14.8	1.92	2.1	2	3	3	4	3
"243"	"Slovak Republic"	"2010"	31.6	26551.675682	17.3	1.92	2.42	2	4	3	4	3
"244"	"Slovak Republic"	"2012"	31.584	27741.741224	19	2.01	2.74	2	4	3	4	3
"245"	"Slovak Republic"	"2014"	31.536	28605.097351	20.4	2.02	2.84	2	4	3	4	3
"246"	"Slovak Republic"	"2016"	31.4844444444444	30598.827375	22	2.08	3.1	2	4	5	4	3
"247"	"Slovak Republic"	"2018"	31.6	32675.832388	24.6	2	3.3	2	5	5	4	3
"248"	"Slovak Republic"	"2020"	31.5	32282.727614	26.8	2.14	3.5	2	5	5	4	3
"249"	"Slovenia"	"2007"	23.896	32652.728624	22.2	1.41	2.2	2	4	3	4	3
"250"	"Slovenia"	"2008"	23.756	33746.85173	22.6	1.41	2.2	2	4	3	4	3
"251"	"Slovenia"	"2010"	23.5	31204.382812	23.7	1.41	2.5	2	4	3	4	3
"252"	"Slovenia"	"2012"	23.228	30524.043449	26.4	1.64	2.9	2	4	3	4	3
"253"	"Slovenia"	"2014"	22.892	30970.350425	28.6	1.89	3.45	2	4	3	4	3
"254"	"Slovenia"	"2016"	22.5333333333333	32620.374248	30.7	1.79	3.5	2	4	3	4	3
"255"	"Slovenia"	"2018"	22.4	35587.942606	32.5	1.67	3.7	3	4	5	5	3
"256"	"Slovenia"	"2020"	22	34708.466007	35.9	1.73	3.8	2	4	5	5	3
"257"	"Spain"	"2007"	33.328	36896.981743	29.3	1.48	2.5	2	4	3	4	4
"258"	"Spain"	"2008"	32.848	36619.439504	29.5	1.48	2.5	2	4	3	4	4
"259"	"Spain"	"2010"	31.9	34859.649626	31	1.48	3.4	2	4	4	5	5
"260"	"Spain"	"2012"	30.984	33406.385211	32.6	2.04	4.5	2	4	4	5	5
"261"	"Spain"	"2014"	30.116	33621.098098	34.7	2.16	4.8	2	4	4	5	5
"262"	"Spain"	"2016"	29.2933333333333	35976.252365	35.7	2.02	4.85	2	4	4	5	5
"263"	"Spain"	"2018"	28.5	37666.94591	37.3	1.93	5	2	4	5	5	5
"264"	"Spain"	"2020"	27.7	33612.74589	39.7	2.13	5	4	4	5	5	5
"265"	"Sweden"	"2007"	24.832	46816.575709	31.3	1.32	49	5	4	3	4	2
"266"	"Sweden"	"2008"	23.952	46243.976414	32	1.32	49	5	4	3	4	2
"267"	"Sweden"	"2010"	22.3	46078.024862	33.9	1.32	50	5	4	3	4	2
"268"	"Sweden"	"2012"	20.76	46569.231026	35.7	1.35	53	2	4	3	4	2
"269"	"Sweden"	"2014"	19.3	47493.036809	38.7	1.44	58.95	2	4	3	4	2
"270"	"Sweden"	"2016"	17.94	49494.064722	41.1	1.43	63.16	2	4	5	4	2
"271"	"Sweden"	"2018"	16.8	50472.544302	43.2	1.38	65	2	5	5	4	2
"272"	"Sweden"	"2020"	15.6	49491.027836	44.6	1.47	68	4	5	5	4	2
"273"	"Switzerland"	"2007"	27.404	62855.232247	31.3	0.92	6.6	5	4	4	2	2
"274"	"Switzerland"	"2008"	27.244	63861.920592	33.7	0.92	6.6	5	4	4	2	2
"275"	"Switzerland"	"2010"	26.9	63220.707571	33.9	0.92	7.2	5	4	4	2	2
"276"	"Switzerland"	"2012"	26.572	63830.917908	35.3	1	7.9	5	4	4	2	2
"277"	"Switzerland"	"2014"	26.308	64944.14646	38.4	1.05	8.4	2	4	4	2	2
"278"	"Switzerland"	"2016"	26.0777777777778	65891.681258	41.2	1.07	8.5	5	4	4	2	2
"279"	"Switzerland"	"2018"	25.7	67562.519088	43.7	1.06	8.6	5	4	4	2	2
"280"	"Switzerland"	"2020"	25.5	65754.37318	45.3	1.15	8.8	2	4	4	2	2
"281"	"Türkiye"	"2007"	31.976	19688.444817	10.2	2.84	3	5	3	3	2	2
"282"	"Türkiye"	"2008"	31.876	19599.164843	10.9	2.84	3	5	3	3	4	5
"283"	"Türkiye"	"2010"	31.7	19647.903224	11.9	2.84	4.5	5	5	4	4	5
"284"	"Türkiye"	"2012"	31.508	22275.252738	13.9	3.11	6.5	5	5	5	5	5
"285"	"Türkiye"	"2014"	31.252	24700.097712	15.3	3.02	8	5	5	5	5	5
"286"	"Türkiye"	"2016"	30.96	26357.927291	17.9	3.04	10	5	5	5	5	5
"287"	"Türkiye"	"2018"	30.8	28416.535472	19.3	2.95	13.5	5	5	5	5	5
"288"	"Türkiye"	"2020"	30.7	28502.28138	22	3.47	18.5	5	5	5	5	5
"289"	"United Kingdom"	"2007"	27.484	41988.329788	32	2.46	5.67	5	4	4	4	5
"290"	"United Kingdom"	"2008"	26.284	41581.077204	32	2.46	5.67	5	4	4	4	5
"291"	"United Kingdom"	"2010"	24.1	40063.885701	35.1	2.46	6.29	5	4	4	4	5
"292"	"United Kingdom"	"2012"	22.108	40468.762818	38.6	2.46	6.6	5	4	4	4	5
"293"	"United Kingdom"	"2014"	20.212	41936.487721	40.6	2.61	7.52	5	4	4	4	5
"294"	"United Kingdom"	"2016"	18.4333333333333	43167.472911	42.3	2.73	8.3	5	4	5	4	5
"295"	"United Kingdom"	"2018"	16.9	44442.834381	43.2	2.91	9.4	5	4	5	4	5
"296"	"United Kingdom"	"2020"	15.4	39788.468417	49.4	3.36	10.3	5	4	5	4	5
"297"	"United States"	"2007"	24.792	54215.969731	40.3	1.18	4.58	2	3	2	2	2
"298"	"United States"	"2008"	24.312	53774.763193	41.1	1.18	4.58	2	5	2	2	2
"299"	"United States"	"2010"	23.4	52875.975942	41.7	1.18	5.72	2	5	4	2	2
"300"	"United States"	"2012"	22.52	54067.507537	43.1	1.18	6.07	5	5	4	2	2
"301"	"United States"	"2014"	21.64	55463.794265	44.2	1.13	6.23	5	5	4	2	2
"302"	"United States"	"2016"	20.7733333333333	57021.228829	45.7	1.11	6.43	5	5	4	2	2
"303"	"United States"	"2018"	20	59252.831726	47.4	1.09	6.86	5	5	4	2	2
"304"	"United States"	"2020"	19.1	58407.658693	43.3571428571429	1.16	7.33	5	5	5	2	2
