"2000"	"2001"	"2002"	"2003"	"2004"	"2005"	"2006"	"2007"	"2008"	"2009"	"2010"	"2011"	"2012"	"2013"	"2014"	"2015"	"2016"	"2017"	"2018"	"2019"	"2020"	"2021"	"2022"
"Australia"	37962.624821	38975.040715	39733.167293	40935.075284	41776.95878	42402.641441	43414.579646	44150.704999	44084.170067	44137.777599	44495.643202	45594.057304	45960.265235	46341.214043	46637.881577	47226.759745	47555.958145	48124.704067	48436.270652	47697.873106	48165.570251	49844.277093	51041.128905
"Austria"	43826.217463	44212.00173	44720.715531	44940.879464	45880.729402	46591.873923	47952.415596	49576.458167	50141.196891	48138.232375	48907.740264	50172.404689	50287.336153	49998.030798	49935.741207	49942.056293	50292.869072	51105.598801	52092.58838	52645.177074	49030.929309	51066.612552	53013.385589
"Belgium"	40193.013938	40492.779243	41000.603358	41254.504956	42543.280341	43290.084485	44104.58796	45390.608273	45235.876086	43968.71184	44813.015382	44986.105489	45037.117569	45033.114033	45539.926451	46201.685891	46551.557243	47122.513182	47749.112361	48565.48716	45742.144948	48416.150243	49556.843889
"Canada"	38857.668963	39125.84952	39870.747803	40224.812051	41081.452098	41999.236152	42672.305312	43135.456583	43099.398601	41363.353513	42169.958896	43073.043636	43358.187453	43901.731687	44709.974021	44670.054374	44609.373407	45417.373568	46023.951798	46224.352197	43410.115631	45324.187075	46016.736321
"Czech Republic"	23369.788901	24194.712463	24630.950405	25511.453614	26725.830225	28414.532924	30241.130114	31752.335641	32270.821083	30586.624399	31254.653408	31867.189823	31579.081981	31560.282601	32231.081463	33909.309243	34696.158781	36405.974217	37447.774915	38427.283824	36208.012906	37504.340752	38452.145084
"Denmark"	45363.342854	45574.535239	45625.248194	45684.243979	46790.347376	47742.289876	49446.206674	49685.607114	49134.243284	46469.654334	47134.277111	47567.126015	47495.796925	47751.19868	48266.506927	49058.142344	50235.017766	51329.969285	52089.171128	52658.08331	51492.683853	53771.659548	55333.689848
"Finland"	37615.221259	38509.197672	39071.714288	39759.826172	41226.865951	42228.332362	43760.541235	45884.392115	46029.15193	42110.456301	43253.589026	44150.573049	43326.896921	42738.866422	42399.714605	42490.211049	43567.153009	44852.705041	45298.109327	45808.054336	44655.694771	45926.440358	46757.721849
"France"	37450.37248	37916.240905	38068.790551	38111.413672	38902.33218	39253.219157	39935.850053	40652.384471	40529.325788	39163.379045	39730.929181	40403.853393	40332.198992	40355.646336	40544.300556	40829.893311	41122.761483	41886.432468	42456.989255	43039.731864	39548.027925	42111.952755	43018.868006
"Germany"	40319.796468	40967.58503	40855.90704	40584.295248	41108.076902	41469.45084	43139.089799	44522.381701	45076.637674	42658.468152	44551.699274	46305.63028	46412.115464	46488.045872	47317.49116	47609.557159	48279.984174	49389.274604	49724.106933	50136.407781	48243.490171	49490.011636	50014.018346
"Greece"	27587.574984	28578.356317	29590.863966	31230.78771	32730.320196	32829.958713	34581.65692	35622.921465	35409.414302	33797.58207	31904.690381	28709.018891	26819.242268	26334.728932	26636.929072	26760.280798	26740.949599	27086.516098	27594.370367	28144.027504	25664.924719	27981.784588	29811.359196
"Hungary"	18897.794738	19712.872939	20706.394608	21611.839765	22743.738241	23767.639334	24744.026823	24851.128376	25144.608572	23522.010145	23828.962676	24342.6906	24162.81615	24666.185787	25779.461466	26798.854228	27469.64385	28719.392685	30297.815904	31785.951766	30409.614788	32734.265715	34326.20191
"Japan"	36772.695341	36827.276129	36765.227015	37261.180487	38045.944373	38725.888799	39231.855391	39769.868517	39263.029018	37030.873197	38545.658464	38618.77687	39235.322697	40090.864103	40232.048565	40908.781547	41274.637598	42041.309073	42399.807142	42321.701531	40658.68035	41598.087134	42212.649883
"Poland"	15684.838782	15884.319428	16215.757092	16799.305673	17643.317875	18271.13235	19406.107849	20785.198243	21658.172674	22059.175165	22686.48847	23824.816863	24187.940399	24415.399328	25364.065975	26495.814917	27298.247657	28705.117403	30418.821805	31794.818603	31178.517891	33508.500206	35540.909395
"Spain"	32467.392388	33569.130545	33938.529591	34310.529088	34834.670437	35442.456042	36316.068604	36896.981743	36619.439504	34949.263293	34859.649626	34447.198918	33406.385211	33059.994224	33621.098098	34945.481614	35976.252365	36980.743663	37666.94591	38107.175153	33612.74589	35486.122703	37197.939243
"Switzerland"	56892.156227	57504.055797	57054.21015	56623.230628	57766.761771	59005.213383	61027.942228	62855.232247	63861.920592	61696.288011	63220.707571	63760.401136	63830.917908	64232.010314	64944.14646	65265.050827	65891.681258	66169.300209	67562.519088	67848.361173	65754.37318	68007.738771	68798.622594
"United Kingdom"	37041.156836	37694.982569	38198.982942	39212.954242	39922.95441	40674.103368	41270.012477	41988.329788	41581.077204	39426.88168	40063.885701	40155.701612	40468.762818	40947.48933	41936.487721	42601.747441	43167.472911	43959.805942	44442.834381	44911.792879	39788.468417	42639.761369	44100.576546
"Colombia"	8769.551598	8803.533624	8909.209036	9144.419356	9518.347923	9851.806767	10390.921343	10970.097908	11209.136511	11210.325964	11578.634412	12255.981878	12611.315972	13134.981006	13496.885517	13762.750912	13897.986431	13911.759194	14021.031634	14143.998591	12868.399737	14091.374606	14983.275548
"Slovenia"	24582.976676	25341.144419	26188.996292	26947.428669	28108.137403	29124.02701	30689.702117	32652.728624	33746.85173	30898.630434	31204.382812	31411.553172	30524.043449	30169.101389	30970.350425	31631.838376	32620.374248	34171.539589	35587.942606	36515.486527	34708.466007	37470.55013	39468.339602
"Mexico"	16531.418604	16266.905957	16056.654258	16086.372568	16522.66907	16714.081722	17262.288408	17436.05313	17396.395832	16251.312136	16867.476094	17274.753394	17694.384161	17730.730295	18035.233149	18430.218897	19007.347537	19187.605152	19365.926018	19076.241385	17354.785526	17998.592397	18410.305096
"Israel"	28975.91179	28384.331043	27774.449261	27645.601758	28448.652463	29094.394431	30167.359202	31410.730624	31847.277613	31566.116314	32747.993516	33935.635536	34179.18026	35029.1748	35710.458238	35877.114973	36769.528689	37609.645865	38392.36313	39229.847052	37819.058951	40405.044349	42189.921459
"Norway"	55083.952177	55936.140564	56406.789605	56603.008478	58529.233036	59697.780338	60668.565245	61800.019118	61329.436744	59379.73993	59112.618957	58993.934509	59800.50845	59682.821726	60229.402346	60721.583813	60889.150193	61904.566549	62006.451704	62281.16114	61130.752868	63173.285118	64659.860734
"Sweden"	39168.96046	39629.957317	40368.99762	41148.377648	42764.409424	43811.101542	45596.861036	46816.575709	46243.976414	43861.830051	46078.024862	47192.649487	46569.231026	46724.767642	47493.036809	49103.131953	49494.064722	50085.594324	50472.544302	50955.847529	49491.027836	51844.229043	52853.127216
"Netherlands"	45016.747424	45719.775342	45526.873265	45384.148362	46122.964608	46959.29278	48507.269996	50226.754818	51117.137832	48992.496379	49396.333817	49928.17397	49230.887033	49023.431579	49541.389246	50288.352815	51118.941306	52296.806666	53217.731693	53904.966038	51522.042454	53747.257208	55614.945781
"Luxembourg"	94485.124768	96312.798882	98353.532992	99677.373266	102479.405086	103402.81531	107949.509189	114804.566615	112465.426482	106858.43681	108840.708709	107460.508301	106751.85601	107345.603736	107596.381642	107898.304236	110414.311916	109460.497811	108642.259745	108892.205785	106382.674606	110075.309354	109351.443637
"Portugal"	28959.7205	29315.200539	29379.878078	28997.39981	29445.420811	29620.827229	30047.820536	30740.518881	30794.260847	29804.610635	30308.450415	29838.111394	28744.018398	28635.405566	29018.203044	29660.845901	30355.379779	31496.613462	32446.029726	33308.381638	30511.578774	32219.030237	34419.618362
"Italy"	39472.062831	40215.683598	40240.1246	40078.700432	40347.700893	40440.961145	41000.734261	41358.117661	40645.494095	38276.461935	38760.496968	38899.793312	37637.147388	36870.471147	36863.232409	37206.331822	37759.301812	38461.306412	38898.485629	39183.358401	35839.163517	38541.384217	40087.547379
"United States"	48705.37996	48682.847554	49039.108447	49947.045487	51405.036201	52704.773601	53659.315034	54215.969731	53774.763193	51916.907293	52875.975942	53273.217613	54067.507537	54651.125542	55463.794265	56520.609227	57021.228829	57898.103033	59252.831726	60297.094128	58407.658693	61796.08451	62834.957703
"Korea"	22415.84598	23323.939011	24980.724428	25634.04918	26859.232659	27957.16774	29275.212026	30816.535499	31504.947286	31591.752968	33574.014063	34544.448637	35189.061744	36137.841115	37061.433257	37902.361018	38864.647711	39980.224147	40964.752746	41738.35149	41385.489575	43176.850734	44227.707805
"Iceland"	39188.090562	40203.318481	40076.835833	40695.009847	43375.420421	45518.554435	47058.075181	49873.118152	49698.292382	45918.262741	44785.869637	45469.531944	45709.569198	47332.942181	47602.309448	49203.294991	51587.556544	52499.406162	53614.206581	53386.250001	48722.900527	50015.45282	52160.514511
"Türkiye"	15066.4461	14004.661937	14718.596182	15382.280223	16688.245059	17966.707823	18976.560391	19688.444817	19599.164843	18398.291976	19647.903224	21529.993849	22275.252738	23857.026721	24700.097712	25855.912681	26357.927291	27970.139101	28416.535472	28232.749216	28502.28138	31450.878247	32759.517086
"Chile"	14255.684534	14541.09384	14841.071271	15372.278287	16224.420329	16967.666097	17837.682736	18564.987124	19078.55248	18682.265144	19617.710333	20608.943834	21640.035639	22142.222341	22316.501694	22563.582179	22711.780019	22705.133281	23192.764485	22930.01605	21132.599651	23348.971672	23729.894161
"New Zealand"	29407.710665	30299.853527	31258.376693	32074.538168	32649.624883	33313.655823	33712.595526	34677.238338	33840.597245	34142.144925	34106.05875	34760.858912	35458.387066	35824.352756	36482.474028	37246.951138	37837.544086	38710.689056	39532.981199	39798.72208	39144.146521	40762.188677	41525.299103
"Slovak Republic"	16309.416782	16906.379384	17671.611191	18641.065723	19614.046462	20894.793559	22653.357571	25080.898844	26433.616122	24936.637341	26551.675682	27421.912631	27741.741224	27882.415138	28605.097351	30062.179649	30598.827375	31453.911441	32675.832388	33454.729391	32282.727614	33377.148439	33564.557052
"Ireland"	46872.570646	48598.916268	50575.138116	51250.388251	53782.850093	55602.987611	56875.022559	58120.684028	54331.033443	51072.553392	51697.347338	51914.665115	51698.414129	52024.614514	56130.536626	69165.900652	69763.138558	75201.827361	80634.491524	83873.896605	88110.595961	99319.448805	109118.488758
"Estonia"	16647.56767	17756.004785	19084.398149	20658.800859	22208.152847	24456.253962	27007.520975	29223.216976	27816.694166	23795.376864	24420.878808	26265.506843	27205.479872	27706.790947	28636.583803	29222.748082	30085.329975	31835.142824	32951.360088	34036.905004	33745.715686	36417.606997	35902.119226
"Latvia"	12181.946975	13118.009518	14213.97579	15561.311357	17037.239852	19068.02467	21544.120097	23875.828477	23347.227196	20351.858886	19859.505506	20751.196512	22487.521058	23176.532314	23837.226817	24975.479748	25801.605219	26905.858407	28196.521123	29118.542552	28661.707689	30109.264296	30651.993888
"Lithuania"	12985.012439	13946.735833	15008.337834	16729.451117	18029.832044	19743.020745	21547.867411	24227.399121	25117.814498	21629.513778	22452.585042	24352.323277	25629.846684	26809.6721	27997.632769	28834.457574	29938.77101	31660.564089	33240.538254	34870.127671	34853.100585	36760.116592	37128.580021
"Costa Rica"	11873.556545	12029.423207	12222.838193	12567.906305	12915.814404	13217.299269	13964.589495	14904.066438	15389.923312	15025.625665	15564.539453	16097.75095	16662.720458	16861.46426	17238.027133	17649.314854	18171.908528	18709.918768	18983.883458	19233.940787	18219.900865	19437.752562	20064.807444
