"YEAR..DISPLAY."	"Canada"	"Chile"	"Colombia"	"Mexico"	"United States of America"	"Austria"	"Belgium"	"Czechia"	"Denmark"	"Estonia"	"Finland"	"France"	"Germany"	"Greece"	"Hungary"	"Iceland"	"Ireland"	"Israel"	"Italy"	"Latvia"	"Lithuania"	"Luxembourg"	"Netherlands"	"Norway"	"Poland"	"Portugal"	"Slovenia"	"Spain"	"Sweden"	"Switzerland"	"Türkiye"	"United Kingdom of Great Britain and Northern Ireland"	"Australia"	"Japan"	"New Zealand"	"Republic of Korea"
"1"	2020	13	29.2	8.5	13.1	19.1	26.4	22.2	30.7	17.5	26.7	18.2	33.4	22	33.5	31.8	12	20.8	21.2	23.1	35	27.4	21.1	22.2	16.2	24	25.4	22	27.7	15.6	25.5	30.7	15.4	13.6	20.1	13.7	20.8
"2"	2000	28.4	46.9	15.1	24	28.6	52.3	31.4	34.2	37.3	41	29.5	34.2	36.4	54.9	37.4	30.2	35.6	31.7	26.2	41	35.8	31	34.3	44	39.6	25.7	25.1	36.8	32	28.3	32.9	37.9	24.4	33.3	29.6	35
"3"	2005	23.3	41.7	13.2	20.6	25.8	43.8	28.7	33.4	30.8	36.8	26.1	34.1	32.1	48.5	35.9	24	31.2	28.6	25.3	39.4	33.3	28.2	30.6	34.3	35	25.3	24.2	34.3	26.7	27.7	32.2	30.1	21.1	29.4	24.3	30.7
"4"	2010	19.3	37.1	11.4	17.7	23.4	37.1	26.3	32.3	25.5	33.1	23.2	33.8	28.3	42.9	34.6	19.1	27.1	25.9	24.5	37.9	31.3	25.6	27.5	26.7	30.8	25.3	23.5	31.9	22.3	26.9	31.7	24.1	18.2	25.8	20.1	27
"5"	2015	15.8	32.9	9.9	15.2	21.2	31.2	24.2	31.4	21.1	29.7	20.5	33.7	24.9	37.9	33.2	15.2	23.8	23.4	23.8	36.5	29.3	23.2	24.6	20.7	27.2	25.2	22.7	29.7	18.6	26.2	31.1	19.3	15.7	22.7	16.5	23.8
"6"	2018	14.1	30.6	9	13.9	20	28.2	22.9	31.1	18.9	27.8	19.1	33.5	23.2	35.4	32.3	13.2	22	22.2	23.4	35.5	28.1	21.9	23.2	17.9	25.3	25.3	22.4	28.5	16.8	25.7	30.8	16.9	14.4	21.1	14.8	22
"7"	2019	13.6	29.9	8.8	13.4	19.6	27.1	22.5	30.9	18.1	27.4	18.7	33.6	22.5	34.5	32.2	12.6	21.4	21.6	23.3	35.2	27.8	21.6	22.6	17.1	24.7	25.3	22.3	28.1	16.1	25.7	30.9	16.1	14	20.5	14.2	21.4
"8"	2023	11.6	27.2	7.8	11.9	18.1	23.7	21	30.2	15.6	25.2	16.9	33.3	20.4	31.3	31	10.5	19.2	20.1	22.6	34.2	26.4	20	20.7	13.9	22.2	25.5	21.6	26.7	13.9	25.1	30.5	13.5	12.4	18.6	12.2	19.4
"9"	2025	10.8	25.9	7.4	11.2	17.4	22.1	20.3	29.9	14.4	24.1	16.2	33.4	19.5	29.8	30.7	9.6	18.2	19.3	22.4	33.7	25.6	19.2	19.8	12.6	21.3	25.5	21.2	25.9	13	24.9	30.4	12.4	11.8	17.6	11.2	18.4
