"YEAR..DISPLAY."	"Canada"	"Chile"	"Colombia"	"Mexico"	"United States of America"	"Austria"	"Belgium"	"Czechia"	"Denmark"	"Estonia"	"Finland"	"France"	"Germany"	"Greece"	"Hungary"	"Iceland"	"Ireland"	"Israel"	"Italy"	"Latvia"	"Lithuania"	"Luxembourg"	"Netherlands"	"Norway"	"Poland"	"Portugal"	"Slovenia"	"Spain"	"Sweden"	"Switzerland"	"Türkiye"	"United Kingdom of Great Britain and Northern Ireland"	"Australia"	"Japan"	"New Zealand"	"Republic of Korea"
"1"	2020	10.7	26.8	4.6	6.2	16	25	19.9	26.4	17.1	21.6	16.3	31.9	19.9	30.5	27.8	12	19	13.5	19.5	22.8	18.1	19.8	19.9	15.4	20.1	20.2	19.6	26.7	15	22.9	19.2	13.5	11.5	10	12.3	5.9
"2"	2000	26.4	42.4	8.1	12.8	24.4	47.8	25.8	28.2	34.1	27.5	24.7	29.8	31.6	43.8	31.6	27.6	35.9	24.2	19.7	25	21.3	25.5	31.7	43.3	33.6	14.9	23.1	29	33.7	23.7	14.5	36.5	22.2	14.5	29.1	7.1
"3"	2005	21.1	37.9	7	10.6	21.9	40.4	24.1	28	28.6	25.9	22.2	30.5	28.3	40	30.5	22.4	30.9	20.9	19.6	24.5	20.3	23.8	28.2	33.5	29.6	16.1	22.1	28.5	27.5	23.5	15.6	28.3	18.9	13.2	23.5	6.7
"4"	2010	17	33.9	6.1	8.9	19.7	34.5	22.6	27.3	24.2	24.4	20.1	30.9	25.1	36.7	29.7	18.2	26.1	18	19.6	23.9	19.6	22.5	25	25.8	25.9	17.4	21.3	27.9	22.5	23.3	16.7	22.2	16	12	18.9	6.4
"5"	2015	13.5	30.2	5.3	7.4	17.8	29.3	21.3	26.9	20.3	23	18	31.4	22.3	33.5	28.7	14.9	22.3	15.4	19.6	23.4	18.9	21.1	22.2	19.7	22.8	18.7	20.4	27.3	18.3	23.1	17.9	17.4	13.5	10.9	15.2	6.2
"6"	2018	11.8	28.1	4.8	6.6	16.7	26.6	20.3	26.7	18.4	22.2	17	31.7	20.9	31.9	28	13.1	20.3	14.2	19.6	23	18.5	20.3	20.8	17	21.2	19.7	20	27	16.3	23	18.6	15	12.2	10.3	13.4	6
"7"	2019	11.3	27.5	4.7	6.4	16.3	25.6	20.1	26.5	17.8	22	16.6	31.9	20.4	31.2	28	12.5	19.7	13.9	19.6	22.8	18.3	20.1	20.3	16.2	20.7	20	19.8	26.9	15.6	23	18.9	14.2	11.9	10.2	12.8	6
"8"	2023	9.4	25.1	4.2	5.6	15	22.5	19.1	26.1	15.4	21	15.2	32.2	18.5	29	27.1	10.6	17.2	12.3	19.4	22.5	17.8	19.1	18.5	13.1	18.5	21.2	19.1	26.4	13.2	22.8	20	11.7	10.4	9.4	10.8	5.7
"9"	2025	8.6	23.8	3.9	5.2	14.4	21.2	18.6	26.1	14.4	20.5	14.7	32.5	17.7	28	27	9.9	16.1	11.6	19.6	22.2	17.4	18.6	17.5	11.8	17.7	21.9	18.7	26.3	12.2	22.7	20.5	10.6	9.8	9	9.8	5.6
