"YEAR..DISPLAY."	"Canada"	"Chile"	"Colombia"	"Costa Rica"	"Mexico"	"United States of America"	"Austria"	"Belgium"	"Czechia"	"Denmark"	"Estonia"	"Finland"	"France"	"Germany"	"Greece"	"Hungary"	"Iceland"	"Ireland"	"Israel"	"Italy"	"Latvia"	"Lithuania"	"Luxembourg"	"Netherlands"	"Norway"	"Poland"	"Portugal"	"Slovakia"	"Slovenia"	"Spain"	"Sweden"	"Switzerland"	"Türkiye"	"United Kingdom of Great Britain and Northern Ireland"	"Australia"	"Japan"	"New Zealand"	"Republic of Korea"
"1"	2020	15.3	31.6	12.4	12.9	19.9	22.2	27.7	24.4	35	17.8	31.8	20.1	34.9	24.1	36.5	35.8	11.9	22.5	28.9	26.6	47.1	36.7	22.4	24.4	17	27.9	30.5	37.4	24.4	28.6	16.1	28.1	42.1	17.3	15.6	30.1	15	35.7
"2"	2000	30.3	51.3	22.1	26.1	35.2	32.7	56.8	36.9	40.1	40.4	54.5	34.3	38.5	41.1	65.9	43.1	32.8	35.2	39.1	32.6	57	50.3	36.5	36.8	44.7	45.6	36.4	43.2	27	44.5	30.3	32.9	51.2	39.2	26.5	52	30	62.8
"3"	2005	25.5	45.4	19.4	21.8	30.5	29.7	47.2	33.3	38.8	32.9	47.6	30	37.7	35.9	57	41.3	25.5	31.5	36.3	30.9	54.2	46.2	32.5	33	35.1	40.4	34.5	41.6	26.2	40.1	25.8	31.8	48.7	31.9	23.2	45.5	25.1	54.6
"4"	2010	21.6	40.2	16.6	18.4	26.4	27.1	39.7	29.9	37.3	26.8	41.7	26.3	36.7	31.4	49.1	39.4	19.9	28.1	33.7	29.4	51.8	42.9	28.6	30	27.6	35.7	33.1	40.3	25.7	35.8	22.1	30.5	46.6	25.9	20.3	39.5	21.3	47.6
"5"	2015	18.1	35.5	14.4	15.4	22.9	24.5	33.1	27.1	35.8	21.9	36.4	23	35.9	27.5	42.3	37.6	15.4	25.2	31.4	27.9	49.5	39.6	25.3	26.9	21.6	31.6	31.7	38.6	25	32	18.8	29.3	44.3	21.2	17.8	34.5	17.8	41.3
"6"	2018	16.3	33.1	13.2	13.8	21.1	23.2	29.8	25.4	35.4	19.4	33.4	21.2	35.3	25.5	38.8	36.5	13.3	23.7	30.2	27.1	47.9	37.7	23.5	25.5	18.8	29.4	30.9	38	24.7	30	17.2	28.4	43	18.7	16.5	31.8	16.1	37.9
"7"	2019	15.8	32.3	12.8	13.4	20.4	22.8	28.6	24.8	35.2	18.4	32.8	20.8	35.2	24.6	37.7	36.4	12.6	23.1	29.3	26.9	47.6	37.3	23	24.8	17.9	28.6	30.6	37.6	24.7	29.3	16.6	28.3	42.9	17.9	16	30.8	15.5	36.8
"8"	2023	13.7	29.3	11.4	11.7	18.2	21.1	24.8	22.9	34.3	15.8	29.4	18.6	34.4	22.3	33.5	34.8	10.3	21.1	27.9	25.8	45.8	35	20.8	22.9	14.7	25.9	29.8	36.6	24.1	26.9	14.6	27.4	40.9	15.2	14.4	27.8	13.6	33
"9"	2025	12.9	28	10.8	10.8	17.1	20.3	23	22	33.7	14.4	27.7	17.6	34.2	21.2	31.5	34.3	9.3	20.2	27	25.2	45.1	33.8	19.8	22.1	13.4	24.8	29.1	36.1	23.7	25.4	13.8	27	40.2	14.1	13.7	26.1	12.6	31.1
